10
53
73270 73270 73270 73270 73270 73270 73270 73270 73270 73270 73270 73270 73270 73270 73270 73270 73270 73270 73270 73270 73270 73270 73270 73270 73270 73270 73270 73270 73270 73270 73270 73270 73270 73270 73270 73270 73270 73270 73270 73270 73270 73270 73270 73270 73270 73270 73270 73270 73270 73270 73270 73270 73270
38
61162 91743 61162 61162 91743 30581 61162 61162 61162 30581 91743 61162 61162 91743 61162 30581 61162 30581 61162 61162 30581 91743 61162 30581 30581 30581 91743 30581 30581 30581 61162 30581 30581 61162 61162 61162 61162 30581
55
90316 90316 90316 90316 90316 90316 90316 90316 90316 90316 90316 90316 90316 90316 90316 90316 90316 90316 90316 90316 90316 90316 90316 90316 90316 90316 90316 90316 90316 90316 90316 90316 90316 90316 90316 90316 90316 90316 90316 90316 90316 90316 90316 90316 90316 90316 90316 90316 90316 90316 90316 90316 90316 90316 90316
4
52370 78555 52370 52370
81
33830 50745 33830 84575 50745 84575 33830 67660 50745 16915 84575 84575 84575 67660 33830 50745 33830 84575 84575 50745 50745 84575 67660 16915 33830 84575 67660 50745 84575 84575 33830 16915 84575 67660 33830 16915 16915 16915 84575 67660 50745 67660 84575 16915 84575 67660 67660 16915 50745 50745 50745 50745 16915 67660 16915 33830 67660 84575 50745 16915 50745 50745 84575 84575 16915 84575 16915 16915 16915 84575 16915 50745 16915 84575 33830 84575 33830 67660 50745 16915 84575
67
69296 1636 92186 25606 89520 35603 51151 50662 19757 3824 20311 51104 22025 782 61353 38757 94624 73195 41686 70318 56073 35596 5994 78879 78900 45923 39945 86725 24587 69995 85940 70746 50867 17095 16708 66046 31818 58280 89675 50621 99016 65158 96599 93005 54688 32963 26960 73870 63805 4973 36247 11370 22759 22971 32263 91348 2846 2604 52310 16682 20571 2861 48018 67285 18611 38673 46373
32
29968 29968 59936 59936 74920 89904 74920 89904 14984 89904 74920 14984 74920 14984 89904 74920 14984 14984 74920 74920 74920 44952 29968 89904 74920 74920 59936 59936 44952 59936 74920 74920
75
80124 77990 72316 66990 59355 3834 38249 59808 70966 68963 97871 23898 21400 42041 71874 30526 21834 71195 19886 39355 2476 12114 87609 29253 74619 44435 3684 79615 67051 99739 26729 56786 66636 35698 44827 48885 5927 89835 42666 91365 72672 81472 4574 82763 71987 3735 84121 29563 45816 1121 31960 8497 34208 90615 63376 71603 28247 80413 2738 79091 63330 45985 61257 97900 40128 26139 16632 32962 52683 24172 29790 42180 65462 14784 45523
13
95403 95403 95403 95403 95403 95403 95403 95403 95403 95403 95403 95403 95403
41
85842 53731 31652 4483 88577 25068 48266 85716 30444 56899 17165 79655 26162 30446 11211 7459 30683 8040 25639 94380 43835 3817 98355 19356 75021 39746 69897 57068 62105 45375 86507 95115 68336 13669 14856 93506 80652 84403 47384 34808 63891